algorithm:
a_columna1 = [0.05, 0.10, 0.15, 0.20, 0.25, 0.30, 0.35, 0.40, 0.45, 0.50, 0.55, 0.60, 0.65, 0.70, 0.75, 0.80, 0.85, 0.90, 0.95, 1.00, 1.05, 1.10, 1.15, 1.20, 1.25, 1.30, 1.35, 1.40, 1.45, 1.50, 1.55, 1.60, 1.65, 1.70, 1.75, 1.80, 1.85, 1.90, 1.95, 2.00, 2.05, 2.10, 2.15, 2.20, 2.25, 2.30, 2.35, 2.40, 2.45]
a_columna2 = [0.05, 0.10, 0.15, 0.20, 0.25, 0.30, 0.35, 0.40, 0.45, 0.45, 0.50, 0.55, 0.60, 0.65, 0.70, 0.75, 0.80, 0.85, 0.90, 0.95, 1.00, 1.05, 1.10, 1.15, 1.20, 1.25, 1.25, 1.25, 1.25, 1.25, 1.25, 1.25, 1.25, 1.25, 1.25, 1.25, 1.25, 1.25, 1.25, 1.25, 1.25, 1.25, 1.25, 1.25, 1.25, 1.25, 1.25, 1.25, 1.25]

a_columna1 = [0.05, 0.10, 0.15, 0.20, 0.25, 0.30, 0.35, 0.40, 0.45, 0.50, 0.55, 0.60, 0.65, 0.70, 0.75, 0.80, 0.85, 0.90, 0.95, 1.00, 1.05, 1.10, 1.15, 1.20, 1.25, 1.30, 1.35, 1.40, 1.45, 1.50, 1.55, 1.60, 1.65, 1.70, 1.75, 1.80, 1.85, 1.90, 1.95, 2.00, 2.05, 2.10, 2.15, 2.20, 2.25, 2.30, 2.35, 2.40, 2.45]
a_columna2 = [0.05, 0.10, 0.15, 0.20, 0.25, 0.30, 0.35, 0.40, 0.45, 0.45, 0.50, 0.55, 0.60, 0.65, 0.70, 0.75, 0.80, 0.85, 0.90, 0.95, 1.00, 1.05, 1.10, 1.15, 1.20, 1.25, 1.25, 1.25, 1.25, 1.25, 1.25, 1.25, 1.25, 1.25, 1.25, 1.25, 1.25, 1.25, 1.25, 1.25, 1.25, 1.25, 1.25, 1.25, 1.25, 1.25, 1.25, 1.25, 1.25]

b_columna1 = [0.05, 0.10, 0.15, 0.20, 0.25, 0.30, 0.35, 0.40, 0.45, 0.50, 0.55, 0.60, 0.65, 0.70, 0.75, 0.80, 0.85, 0.90, 0.95, 1.00, 1.05, 1.10, 1.15, 1.20, 1.25, 1.30, 1.35, 1.40, 1.45, 1.50, 1.55, 1.60, 1.65, 1.65, 1.70, 1.70, 1.75, 1.80, 1.85, 1.85, 1.90, 1.90, 1.95, 2.00, 2.00, 2.05, 2.10, 2.10, 2.15, 2.20, 2.20, 2.25, 2.25, 2.30, 2.35, 2.35, 2.40, 2.45, 2.45]
b_columna2 = [0.05, 0.05, 0.05, 0.05, 0.05, 0.05, 0.05, 0.05, 0.05, 0.05, 0.10, 0.15, 0.20, 0.25, 0.30, 0.30, 0.30, 0.30, 0.30, 0.30, 0.30, 0.30, 0.30, 0.30, 0.30, 0.30, 0.30, 0.30, 0.30, 0.30, 0.35, 0.40, 0.45, 0.50, 0.50, 0.55, 0.55, 0.60, 0.60, 0.65, 0.65, 0.70, 0.75, 0.75, 0.80, 0.85, 0.85, 0.90, 0.95, 0.95, 1.00, 1.00, 1.05, 1.10, 1.10, 1.15, 1.20, 1.20, 1.25]

c_columna1 = [2.25, 2.20, 2.15, 2.10, 2.05, 2.00, 1.95, 1.90, 1.85, 1.80, 1.75, 1.70, 1.65, 1.60, 1.55, 1.50, 1.45, 1.40, 1.35, 1.30, 1.25, 1.20, 1.15, 1.10, 1.05, 1.00, 0.95, 0.90, 0.85, 0.80, 0.75, 0.70, 0.65, 0.60, 0.55, 0.50, 0.45]
c_columna2 = [0.25, 0.30, 0.35, 0.40, 0.45, 0.50, 0.55, 0.60, 0.65, 0.65, 0.65, 0.70, 0.75, 0.80, 0.85, 0.90, 0.95, 1.00, 1.00, 1.00, 1.00, 1.00, 1.00, 1.00, 1.00, 1.00, 1.00, 1.00, 1.00, 1.05, 1.00, 1.00, 1.00, 1.00, 1.00, 0.95, 1.00]

d_columna1 = [2.25, 2.20, 2.15, 2.10, 2.05, 2.00, 1.95, 1.90, 1.85, 1.80, 1.75, 1.70, 1.65, 1.60, 1.55, 1.50, 1.45, 1.40, 1.35, 1.30, 1.25, 1.20, 1.15, 1.10, 1.05, 1.00, 0.95, 0.90, 0.85, 0.80, 0.75, 0.70, 0.65, 0.60, 0.55, 0.50, 0.45]
d_columna2 = [0.25, 0.30, 0.35, 0.40, 0.45, 0.50, 0.55, 0.60, 0.65, 0.65, 0.65, 0.70, 0.75, 0.80, 0.85, 0.90, 0.95, 1.00, 1.00, 1.00, 1.00, 1.00, 1.00, 1.00, 1.00, 1.00, 1.00, 1.00, 1.00, 1.05, 1.00, 1.00, 1.00, 1.00, 1.00, 0.95, 1.00]
